

 
首页
走进韩师
报考指南
教学单位
招生类型
学生资助政策
下载专区
网上报名
最新消息
最新消息
招生信息
友情链接


   --相关链接--
国家教育部
广东省教育考试院
广东省教育考试服务中心
肇庆学院
岭南师范学院


最新消息
韩山师范学院2025年夏季高考本科批次各专业录取分数统计表
2025年09月11日 16:59  点击：[9884]

科类

	

专业名称

	

最高分

	

平均分

	

最低分

	

最低排位




历史

	

思想政治教育（师范）

	

556

	

540.8

	

537

	

31575




地理科学（师范）

	

545

	

532.9

	

530

	

36202




旅游管理

	

527

	

520.8

	

520

	

42767




烹饪与餐饮管理

	

530

	

521.7

	

520

	

42686




汉语言文学（师范）

	

558

	

537.5

	

528

	

37292




汉语国际教育（师范）

	

536

	

524.8

	

522

	

41135




网络与新媒体

	

543

	

524.0

	

522

	

41537




秘书学

	

534

	

523.6

	

522

	

41649




历史学（师范）

	

548

	

528.0

	

522

	

41551




档案学

	

533

	

522.8

	

521

	

41877




英语（师范）

	

543

	

530.3

	

524

	

40252




日语

	

529

	

523.6

	

523

	

40931




商务英语

	

531

	

524.8

	

523

	

40583




小学教育（师范）

	

544

	

531.7

	

526

	

38355




学前教育（师范）

	

525

	

522.8

	

521

	

41819




心理学（师范）

	

536

	

527.3

	

523

	

40424




法学

	

552

	

534.1

	

530

	

36101




社会工作

	

534

	

529.0

	

528

	

37290




财务管理

	

537

	

525.5

	

523

	

40902




投资学

	

525

	

522.3

	

521

	

41830




人力资源管理

	

528

	

522.3

	

521

	

41831




审计学

	

534

	

526.7

	

523

	

40380




经济学

	

528

	

522.7

	

522

	

41749




网络与新媒体（与广东科学技术职业学院协同培养，4+0试点班）

	

534

	

525.3

	

522

	

41192




商务英语（中外联合培养）

	

520

	

508.0

	

502

	

56071




物理

	

思想政治教育（师范）

	

539

	

524.7

	

519

	

131752




地理科学（师范）

	

532

	

517.5

	

511

	

144015




烹饪与餐饮管理

	

523

	

502.8

	

498

	

168703




旅游管理

	

503

	

497.5

	

497

	

171044




汉语言文学（师范）

	

547

	

528.3

	

514

	

138962




汉语国际教育（师范）

	

521

	

506.9

	

503

	

159513




网络与新媒体

	

514

	

504.8

	

501

	

162543




秘书学

	

514

	

503.4

	

500

	

164110




法学

	

534

	

516.4

	

504

	

157048




社会工作

	

506

	

501.1

	

499

	

166396




档案学

	

514

	

501.8

	

498

	

167737




小学教育（师范）

	

528

	

514.9

	

509

	

148347




学前教育（师范）

	

512

	

503.6

	

499

	

166989




教育技术学（师范）

	

518

	

503.1

	

499

	

167031




心理学（师范）

	

522

	

506.3

	

502

	

161401




化学（师范）

	

544

	

508.3

	

499

	

166713




应用化学

	

509

	

501.1

	

498

	

167658




材料科学与工程

	

506

	

498.1

	

497

	

171203




环境科学

	

503

	

497.5

	

496

	

171551




环境工程

	

501

	

497.2

	

496

	

171559




生物科学（师范）

	

545

	

500.7

	

496

	

172802




生物技术

	

506

	

497.3

	

496

	

172838




食品科学与工程

	

510

	

498.1

	

496

	

171998




食品质量与安全

	

503

	

497.2

	

496

	

172680




计算机科学与技术（师范）

	

528

	

512.6

	

506

	

153025




人工智能

	

523

	

509.5

	

506

	

153287




计算机科学与技术（非师范）

	

527

	

512.5

	

507

	

151520




物联网工程

	

518

	

507.3

	

506

	

153713




软件工程

	

530

	

511.2

	

507

	

152171




数学与应用数学（师范）

	

541

	

516.6

	

503

	

158441




统计学

	

509

	

501.2

	

499

	

165677




数据科学与大数据技术

	

519

	

503.0

	

500

	

163872




物理学（师范）

	

548

	

512.6

	

505

	

155980




科学教育（师范）

	

541

	

506.5

	

505

	

155996




电气工程及其自动化

	

529

	

516.0

	

510

	

146717




电子信息工程

	

521

	

508.7

	

506

	

154397




电子信息科学与技术

	

523

	

506.9

	

505

	

155188




经济学

	

514

	

501.2

	

498

	

168150




财务管理

	

527

	

504.3

	

499

	

166749




审计学

	

524

	

507.8

	

500

	

163863




人力资源管理

	

512

	

498.4

	

497

	

170393




投资学

	

505

	

498.2

	

497

	

170315




英语（师范）

	

541

	

519.4

	

508

	

150820




日语

	

507

	

504.1

	

502

	

161971




商务英语

	

507

	

504.5

	

502

	

160574




网络与新媒体（与广东科学技术职业学院协同培养，4+0试点班）

	

512

	

504.8

	

502

	

161937




数据科学与大数据技术（与江门职业技术学院协同培养，2+2试点班）

	

509

	

502.9

	

501

	

162910




食品质量与安全（与中山火炬职业技术学院协同培养，4+0试点班）

	

500

	

496.6

	

495

	

174001




商务英语（中外联合培养）

	

497

	

485.1

	

479

	

201837




体育

	

体育教育

	

567

	

535.5

	

528

	

5134




运动康复

	

556

	

530.6

	

527

	

5229




音乐

	

音乐表演（声乐）

	

512

	

467.7

	

460

	

3671




音乐表演（器乐）

	

501

	

467

	

458

	

3685




音乐学（师范）

	

488

	

459.7

	

453

	

4078




美术

	

美术学（师范）

	

494

	

481.2

	

477

	

9943




视觉传达设计

	

485

	

478.3

	

476

	

10075




环境设计

	

477

	

476.1

	

476

	

10164




产品设计(与广东科学技术职业学院协同培养，2+2试点班)

	

480

	

475.9

	

474

	

10481




书法

	

书法学（师范）

	

504

	

496.4

	

494

	

318







上一条：2026年全国硕士研究生考试韩山师范学院报考点公告
下一条：韩山师范学院2025年提前批次教师专项各专业录取分数线统计表

【关闭】

Copyrigt © 2017 Hanshan Normal University. All Rights Reserved

韩山师范学院 版权所有